# Python MESMA for LT05_LT05_19970909_19970918 run on 20200128 
#  MESMA fraction range = 0.2 - 1.0 
#  Northings (y); Latitude; Eastings (x) Longitude; Kelp Fraction
4393890 39.6920430 430710 -123.8081178 0.33220
4392390 39.6785749 431280 -123.8013144 0.33245
4392390 39.6785773 431310 -123.8009646 0.30621
4392360 39.6783046 431280 -123.8013112 0.40867
4392360 39.6783071 431310 -123.8009615 0.25599
4392300 39.6777641 431280 -123.8013050 0.33245
4389660 39.6540104 431670 -123.7964847 0.23316
4389630 39.6537401 431670 -123.7964816 0.23316
4384260 39.6053877 432030 -123.7917340 0.49217
4384200 39.6048328 431850 -123.7938243 0.31384
4383720 39.6005154 431940 -123.7927268 0.28428
4383690 39.6002451 431940 -123.7927237 0.24273
4383660 39.5999748 431940 -123.7927206 0.22445
4383540 39.5988937 431940 -123.7927083 0.27783
4383510 39.5986234 431940 -123.7927052 0.44548
4381380 39.5794993 432780 -123.7827065 0.93335
4379040 39.5584238 432870 -123.7814219 0.20063
4370760 39.4836230 430350 -123.8098861 0.20249
4365240 39.4338086 429360 -123.8208123 0.32185
4365240 39.4338111 429390 -123.8204638 0.33257
4364280 39.4251494 429240 -123.8221049 0.38727
4364280 39.4251519 429270 -123.8217564 0.32936
4364250 39.4248791 429240 -123.8221017 0.41609
4364190 39.4243361 429210 -123.8224439 0.33725
4364160 39.4240658 429210 -123.8224407 0.31398
4364010 39.4227118 429180 -123.8227733 0.23790
4364010 39.4227143 429210 -123.8224248 0.24470
4363860 39.4213604 429180 -123.8227574 0.22677
4363710 39.4200286 429420 -123.8199537 0.33318
4363680 39.4197583 429420 -123.8199505 0.36600
4363680 39.4197608 429450 -123.8196020 0.36600
4363440 39.4176009 429480 -123.8192282 0.40337
4363440 39.4176033 429510 -123.8188797 0.41500
4363440 39.4176058 429540 -123.8185313 0.37085
4363440 39.4176082 429570 -123.8181828 0.37757
4363440 39.4176156 429660 -123.8171374 0.49494
4362690 39.4108189 429180 -123.8226335 0.99596
4362660 39.4105462 429150 -123.8229788 0.87305
4362660 39.4105486 429180 -123.8226304 0.85332
4362600 39.4099834 428880 -123.8261084 0.28728
4362540 39.4094625 429120 -123.8233145 0.42363
4362510 39.4091898 429090 -123.8236598 0.37982
4362480 39.4089195 429090 -123.8236566 0.37119
4362390 39.4081037 429030 -123.8243439 0.20255
4362150 39.4059339 428940 -123.8253637 0.29644
4360080 39.3872762 428850 -123.8261889 0.24990
4360050 39.3870059 428850 -123.8261857 0.27969
4360050 39.3870084 428880 -123.8258374 0.30321
4360020 39.3867356 428850 -123.8261825 0.22764
4360020 39.3867381 428880 -123.8258342 0.37290
4359990 39.3864653 428850 -123.8261794 0.24990
4359990 39.3864678 428880 -123.8258310 0.28096
4359960 39.3861950 428850 -123.8261762 0.20213
4359960 39.3861975 428880 -123.8258278 0.22666
4359960 39.3862000 428910 -123.8254795 0.24428
4359480 39.3818703 428850 -123.8261252 0.24263
4359420 39.3813297 428850 -123.8261188 0.22714
4359420 39.3813322 428880 -123.8257705 0.36477
4359390 39.3810594 428850 -123.8261156 0.23877
4359390 39.3810619 428880 -123.8257673 0.47990
4359390 39.3810644 428910 -123.8254190 0.34802
4359360 39.3807916 428880 -123.8257641 0.45013
4359330 39.3805213 428880 -123.8257610 0.24924
4359000 39.3775382 428760 -123.8271190 0.20393
4358970 39.3772703 428790 -123.8267676 0.29469
4358940 39.3770000 428790 -123.8267644 0.30322
4358940 39.3770025 428820 -123.8264161 0.25649
4358910 39.3767298 428790 -123.8267612 0.22785
4358730 39.3751080 428790 -123.8267421 0.23897
4358730 39.3751105 428820 -123.8263938 0.31305
4358730 39.3751129 428850 -123.8260455 0.29128
4358700 39.3748377 428790 -123.8267389 0.24184
4358700 39.3748402 428820 -123.8263906 0.30291
4358700 39.3748426 428850 -123.8260423 0.46402
4358670 39.3745699 428820 -123.8263874 0.24522
4358670 39.3745723 428850 -123.8260392 0.35669
4358640 39.3742946 428760 -123.8270807 0.20954
4358640 39.3742971 428790 -123.8267325 0.20212
4358220 39.3705080 428730 -123.8273843 0.29383
4358130 39.3696897 428640 -123.8284195 0.24597
4358100 39.3694219 428670 -123.8280681 0.20966
4358100 39.3694244 428700 -123.8277198 0.24114
4357830 39.3669892 428670 -123.8280393 0.43028
4357800 39.3667214 428700 -123.8276879 0.61938
4357710 39.3659229 428850 -123.8259372 0.89637
4357440 39.3635272 429300 -123.8206855 0.89082
4355010 39.3416258 429210 -123.8214737 0.72479
4354980 39.3413530 429180 -123.8218186 0.41490
4354980 39.3413555 429210 -123.8214705 0.53213
4354980 39.3413580 429240 -123.8211224 0.46816
4354950 39.3410827 429180 -123.8218154 0.42414
4354950 39.3410852 429210 -123.8214674 0.49646
4354950 39.3410877 429240 -123.8211193 0.38829
4354950 39.3410901 429270 -123.8207712 0.51730
4354920 39.3408149 429210 -123.8214642 0.38829
4354920 39.3408174 429240 -123.8211161 0.38027
4354920 39.3408198 429270 -123.8207680 0.53394
4354920 39.3408223 429300 -123.8204199 0.49741
4354890 39.3405471 429240 -123.8211129 0.48084
4354590 39.3378490 429300 -123.8203852 0.28645
4354560 39.3375812 429330 -123.8200339 0.38882
4354530 39.3373109 429330 -123.8200308 0.37017
4354530 39.3373133 429360 -123.8196827 0.39201
4354500 39.3370406 429330 -123.8200276 0.31373
4354500 39.3370430 429360 -123.8196795 0.36295
4354470 39.3367727 429360 -123.8196764 0.29365
4354440 39.3365000 429330 -123.8200213 0.37767
4354440 39.3365024 429360 -123.8196732 0.32826
4354440 39.3365073 429420 -123.8189771 0.70603
4354410 39.3362272 429300 -123.8203662 0.28645
4354410 39.3362297 429330 -123.8200181 0.49433
4354410 39.3362321 429360 -123.8196701 0.46002
4354410 39.3362370 429420 -123.8189739 0.96867
4354380 39.3359594 429330 -123.8200150 0.33507
4354380 39.3359618 429360 -123.8196669 0.27265
4354350 39.3356915 429360 -123.8196637 0.29735
4354290 39.3351534 429390 -123.8193094 0.44063
4353930 39.3319196 429510 -123.8178793 0.27986
4353900 39.3316493 429510 -123.8178762 0.28653
4353900 39.3316518 429540 -123.8175281 0.27416
4353660 39.3295040 429720 -123.8154147 0.27895
4353630 39.3292313 429690 -123.8157596 0.29058
4353480 39.3278700 429570 -123.8171360 0.29268
4353450 39.3276217 429840 -123.8140006 0.27936
4353420 39.3273489 429810 -123.8143455 0.24816
4353390 39.3270884 429930 -123.8129503 0.29355
4353330 39.3265526 429990 -123.8122480 0.23604
4353330 39.3265551 430020 -123.8118999 0.39024
4353330 39.3265575 430050 -123.8115519 0.43155
4353300 39.3262848 430020 -123.8118968 0.28581
4353300 39.3262896 430080 -123.8112008 0.28469
4353270 39.3260169 430050 -123.8115457 0.39724
4353270 39.3260266 430170 -123.8101536 0.43285
4353240 39.3257514 430110 -123.8108465 0.39024
4353240 39.3257539 430140 -123.8104985 0.58409
4353240 39.3257563 430170 -123.8101505 0.65673
4353240 39.3257587 430200 -123.8098024 0.61679
4353210 39.3254836 430140 -123.8104954 0.36292
4353210 39.3254860 430170 -123.8101473 0.32259
4352970 39.3233333 430290 -123.8087304 0.56044
4352940 39.3230630 430290 -123.8087272 0.47874
4352190 39.3162423 429510 -123.8176967 0.27194
4352190 39.3163079 430320 -123.8083015 0.46832
4352190 39.3163224 430500 -123.8062136 0.32994
4352160 39.3159720 429510 -123.8176936 0.27153
4352130 39.3157017 429510 -123.8176904 0.27814
4352100 39.3154290 429480 -123.8180353 0.28265
4352100 39.3154339 429540 -123.8173393 0.20422
4352100 39.3155043 430410 -123.8072482 0.42772
4352100 39.3155067 430440 -123.8069002 0.51407
4352100 39.3155091 430470 -123.8065523 0.52203
4352100 39.3155115 430500 -123.8062043 0.63271
4352070 39.3151587 429480 -123.8180321 0.28926
4352070 39.3152388 430470 -123.8065492 0.48570
4352070 39.3152412 430500 -123.8062012 0.53011
4352010 39.3146910 430380 -123.8075869 0.63159
4352010 39.3147030 430530 -123.8058470 0.80068
4351980 39.3144351 430560 -123.8054960 0.64353
4351920 39.3138704 430260 -123.8089694 0.47559
4351920 39.3138777 430350 -123.8079255 0.88351
4351890 39.3135929 430170 -123.8100102 0.70866
4351890 39.3135953 430200 -123.8096622 0.97208
4351890 39.3135977 430230 -123.8093142 0.61046
4351890 39.3136001 430260 -123.8089663 0.79065
4351680 39.3116643 429720 -123.8152076 0.49073
4351650 39.3113940 429720 -123.8152045 0.58897
4351620 39.3111237 429720 -123.8152013 0.30612
4351620 39.3111262 429750 -123.8148534 0.97756
4351590 39.3108559 429750 -123.8148502 0.45152
4351590 39.3108583 429780 -123.8145023 0.70914
4351560 39.3105856 429750 -123.8148471 0.32456
4351560 39.3105880 429780 -123.8144992 0.50729
4351530 39.3103080 429660 -123.8158878 0.20942
4351530 39.3103177 429780 -123.8144960 0.60540
4351500 39.3100377 429660 -123.8158847 0.23816
4351500 39.3100474 429780 -123.8144929 0.59549
4351500 39.3100498 429810 -123.8141449 0.45518
4351470 39.3097698 429690 -123.8155336 0.24872
4351440 39.3095044 429750 -123.8148346 0.44471
4351440 39.3095068 429780 -123.8144866 0.58072
4351410 39.3092341 429750 -123.8148314 0.36488
4351230 39.3076098 429720 -123.8151605 0.36835
4351230 39.3076123 429750 -123.8148126 0.45430
4351200 39.3073395 429720 -123.8151574 0.51285
4351200 39.3073420 429750 -123.8148095 0.54787
4350930 39.3049117 429780 -123.8144334 0.24872
4350930 39.3049142 429810 -123.8140854 0.28095
4350930 39.3049166 429840 -123.8137375 0.45101
4350900 39.3046463 429840 -123.8137344 0.31840
4350840 39.3041033 429810 -123.8140760 0.26991
4350840 39.3041057 429840 -123.8137281 0.26991
4350840 39.3041154 429960 -123.8123365 0.70111
4350840 39.3041178 429990 -123.8119886 0.69765
4350810 39.3038475 429990 -123.8119854 0.56423
4350810 39.3038500 430020 -123.8116375 0.42077
4350780 39.3035651 429840 -123.8137219 0.24060
4350780 39.3035748 429960 -123.8123302 0.24921
4350780 39.3035772 429990 -123.8119823 0.28743
4350750 39.3032948 429840 -123.8137187 0.23934
4350750 39.3032972 429870 -123.8133708 0.24736
4350600 39.3020230 430830 -123.8022223 0.81028
4350570 39.3016876 430020 -123.8116126 0.25465
4350570 39.3016948 430110 -123.8105689 0.43157
4350570 39.3017527 430830 -123.8022192 0.55184
4350570 39.3017551 430860 -123.8018713 0.60518
4350540 39.3014245 430110 -123.8105657 0.34279
4350540 39.3014318 430200 -123.8095220 0.50412
4350540 39.3014342 430230 -123.8091741 0.50474
4350510 39.3011591 430170 -123.8098668 0.38703
4350510 39.3011615 430200 -123.8095189 0.69817
4350510 39.3011639 430230 -123.8091710 0.53074
4350480 39.3008864 430140 -123.8102116 0.30996
4350480 39.3008888 430170 -123.8098637 0.45906
4350480 39.3008912 430200 -123.8095158 0.45906
4350480 39.3008936 430230 -123.8091679 0.27697
4350480 39.3009081 430410 -123.8070805 0.44277
4350450 39.3006209 430200 -123.8095127 0.26147
4350450 39.3006354 430380 -123.8074253 0.38703
4350450 39.3006378 430410 -123.8070774 0.38703
4350420 39.3003627 430350 -123.8077701 0.25457
4350420 39.3003651 430380 -123.8074222 0.39958
4350420 39.3003675 430410 -123.8070743 0.45062
4350420 39.3003699 430440 -123.8067264 0.35111
4350390 39.3000876 430290 -123.8084628 0.29086
4350390 39.3000900 430320 -123.8081149 0.24072
4350390 39.3000948 430380 -123.8074191 0.32918
4350390 39.3000972 430410 -123.8070712 0.40621
4350360 39.2998173 430290 -123.8084597 0.38781
4350360 39.2998197 430320 -123.8081118 0.20265
4350360 39.2998317 430470 -123.8063723 0.34693
4350330 39.2995614 430470 -123.8063692 0.23966
4350060 39.2971335 430530 -123.8056456 0.28142
4350030 39.2968632 430530 -123.8056425 0.27747
4350030 39.2968657 430560 -123.8052946 0.29894
4350000 39.2965954 430560 -123.8052915 0.25467
4350000 39.2965978 430590 -123.8049436 0.27206
4349970 39.2963299 430620 -123.8045926 0.31648
4349940 39.2960596 430620 -123.8045895 0.24370
4349880 39.2955501 431010 -123.8000610 0.64908
4349850 39.2952774 430980 -123.8004058 0.72736
4349850 39.2952798 431010 -123.8000580 0.99965
4349820 39.2950000 430890 -123.8014464 0.35143
4349790 39.2947273 430860 -123.8017911 0.26147
4349760 39.2944450 430710 -123.8035274 0.28768
4349700 39.2939020 430680 -123.8038691 0.30152
4349580 39.2928184 430650 -123.8042046 0.33009
4349490 39.2920314 430950 -123.8007168 0.86443
4349460 39.2917635 430980 -123.8003658 0.99751
4349460 39.2917659 431010 -123.8000180 0.90888
4349340 39.2906367 430410 -123.8069626 0.28063
4349340 39.2906391 430440 -123.8066148 0.26224
4349310 39.2903664 430410 -123.8069595 0.27631
4349190 39.2892876 430440 -123.8065992 0.28311
4349070 39.2882088 430470 -123.8062390 0.53491
4348980 39.2873979 430470 -123.8062297 0.26373
4348980 39.2874003 430500 -123.8058819 0.27773
4348920 39.2868573 430470 -123.8062235 0.24169
4348860 39.2863119 430410 -123.8069130 0.36550
4348860 39.2863167 430470 -123.8062173 0.60872
4348830 39.2860440 430440 -123.8065620 0.67647
4348770 39.2854986 430380 -123.8072515 0.92829
4348740 39.2852283 430380 -123.8072484 0.57997
4348740 39.2852331 430440 -123.8065527 0.45701
4348710 39.2849532 430320 -123.8079409 0.25598
4348590 39.2838720 430320 -123.8079285 0.20351
4348560 39.2835992 430290 -123.8082732 0.24850
4348560 39.2836017 430320 -123.8079254 0.24038
4348530 39.2833314 430320 -123.8079223 0.24038
4348530 39.2833338 430350 -123.8075745 0.33633
4348500 39.2830611 430320 -123.8079192 0.28820
4348500 39.2830635 430350 -123.8075714 0.33452
4348500 39.2830659 430380 -123.8072236 0.24850
4348470 39.2827908 430320 -123.8079161 0.27773
4348470 39.2827956 430380 -123.8072205 0.24330
4348410 39.2822526 430350 -123.8075621 0.29935
4348380 39.2819823 430350 -123.8075589 0.35178
4348380 39.2819847 430380 -123.8072111 0.24850
4348350 39.2817120 430350 -123.8075558 0.24604
4348320 39.2814513 430470 -123.8061615 0.36936
4348320 39.2814537 430500 -123.8058137 0.44205
4348290 39.2811810 430470 -123.8061584 0.45379
4348290 39.2811834 430500 -123.8058106 0.50228
4348260 39.2809107 430470 -123.8061553 0.34334
4348260 39.2809131 430500 -123.8058075 0.48963
4348260 39.2809155 430530 -123.8054597 0.33364
4348230 39.2806428 430500 -123.8058044 0.52380
4348230 39.2806452 430530 -123.8054566 0.37843
4348200 39.2803701 430470 -123.8061491 0.32405
4348200 39.2803725 430500 -123.8058013 0.60546
4348170 39.2801022 430500 -123.8057982 0.59749
4347960 39.2782125 430530 -123.8054288 0.20912
4347840 39.2771361 430590 -123.8047208 0.20920
4347780 39.2765907 430530 -123.8054102 0.31903
4347780 39.2765931 430560 -123.8050624 0.39940
4347750 39.2763228 430560 -123.8050593 0.40999
4347750 39.2763252 430590 -123.8047116 0.21766
4347720 39.2760501 430530 -123.8054040 0.29481
4347720 39.2760525 430560 -123.8050563 0.38678
4347720 39.2760549 430590 -123.8047085 0.37501
4347690 39.2757822 430560 -123.8050532 0.34771
4347690 39.2757846 430590 -123.8047054 0.29983
4347660 39.2755119 430560 -123.8050501 0.24730
4347660 39.2755143 430590 -123.8047023 0.28820
4347660 39.2755167 430620 -123.8043545 0.23135
4347630 39.2752416 430560 -123.8050470 0.24038
4347630 39.2752440 430590 -123.8046992 0.28820
4347630 39.2752464 430620 -123.8043514 0.24744
4347630 39.2752488 430650 -123.8040037 0.28257
4347600 39.2749737 430590 -123.8046961 0.27758
4347600 39.2749785 430650 -123.8040006 0.37668
4347600 39.2749809 430680 -123.8036528 0.63315
4347570 39.2747034 430590 -123.8046930 0.25361
4347570 39.2747058 430620 -123.8043452 0.26252
4347570 39.2747082 430650 -123.8039975 0.55725
4347570 39.2747106 430680 -123.8036497 0.59538
4347540 39.2744379 430650 -123.8039944 0.39940
4347540 39.2744403 430680 -123.8036466 0.47948
4347510 39.2741676 430650 -123.8039913 0.53378
4347510 39.2741700 430680 -123.8036435 0.48802
4347480 39.2738949 430620 -123.8043360 0.31242
4347480 39.2738973 430650 -123.8039882 0.44880
4347480 39.2738997 430680 -123.8036404 0.35178
4347450 39.2736294 430680 -123.8036374 0.29275
4347420 39.2733615 430710 -123.8032865 0.28845
4347420 39.2733639 430740 -123.8029387 0.28444
4347360 39.2728209 430710 -123.8032803 0.33477
4347360 39.2728233 430740 -123.8029326 0.23633
4347330 39.2725554 430770 -123.8025817 0.24742
4347330 39.2725578 430800 -123.8022340 0.47436
4347300 39.2722851 430770 -123.8025787 0.28549
4347300 39.2722875 430800 -123.8022309 0.73227
4347300 39.2722899 430830 -123.8018831 0.87636
4347270 39.2720172 430800 -123.8022278 0.61644
4347240 39.2717469 430800 -123.8022247 0.61015
4347210 39.2714766 430800 -123.8022216 0.54906
4347210 39.2714790 430830 -123.8018739 0.67678
4347180 39.2712063 430800 -123.8022186 0.28579
4347060 39.2701347 430920 -123.8008153 0.29307
4346940 39.2690391 430740 -123.8028894 0.21095
4346940 39.2690487 430860 -123.8014984 0.23684
4346910 39.2687808 430890 -123.8011476 0.21095
4346880 39.2685176 430980 -123.8001013 0.30039
4346850 39.2682449 430950 -123.8004460 0.37957
4346850 39.2682473 430980 -123.8000982 0.27153
4346820 39.2679722 430920 -123.8007906 0.28926
4346610 39.2660945 431100 -123.7986828 0.37371
4346580 39.2658242 431100 -123.7986797 0.45874
4346580 39.2658265 431130 -123.7983320 0.36096
4346550 39.2655538 431100 -123.7986766 0.34368
4346550 39.2655562 431130 -123.7983289 0.44626
4346520 39.2652835 431100 -123.7986736 0.23528
4346520 39.2652859 431130 -123.7983258 0.41436
4346490 39.2650156 431130 -123.7983228 0.32354
4346490 39.2650180 431160 -123.7979750 0.28375
4346460 39.2647453 431130 -123.7983197 0.27955
4346460 39.2647477 431160 -123.7979720 0.28375
4346460 39.2647501 431190 -123.7976243 0.38703
4346430 39.2644941 431370 -123.7955349 0.29311
4346430 39.2644964 431400 -123.7951872 0.30260
4346400 39.2642190 431310 -123.7962273 0.33141
4346400 39.2642238 431370 -123.7955318 0.24832
4346400 39.2642285 431430 -123.7948364 0.34066
4346370 39.2639463 431280 -123.7965719 0.24364
4346370 39.2639487 431310 -123.7962242 0.48153
4346370 39.2639511 431340 -123.7958765 0.29657
4346370 39.2639535 431370 -123.7955288 0.28316
4346340 39.2636760 431280 -123.7965689 0.25436
4346340 39.2636784 431310 -123.7962211 0.36607
4346340 39.2636808 431340 -123.7958734 0.36607
4346340 39.2636832 431370 -123.7955257 0.31175
4346310 39.2634057 431280 -123.7965658 0.24364
4346310 39.2634081 431310 -123.7962181 0.25436
4346310 39.2634105 431340 -123.7958704 0.24364
4346310 39.2634129 431370 -123.7955227 0.25568
4346280 39.2631354 431280 -123.7965627 0.24323
4346280 39.2631378 431310 -123.7962150 0.29607
4346280 39.2631402 431340 -123.7958673 0.31175
4346250 39.2628699 431340 -123.7958643 0.30059
4346220 39.2625996 431340 -123.7958612 0.30036
4346220 39.2626019 431370 -123.7955135 0.24110
4346070 39.2612765 431700 -123.7916735 0.33452
4346040 39.2610062 431700 -123.7916705 0.33020
4345740 39.2583338 432090 -123.7871201 0.65577
4345710 39.2580659 432120 -123.7867694 0.38611
4345620 39.2572596 432180 -123.7860650 0.37576
4345590 39.2569893 432180 -123.7860619 0.72201
4345560 39.2567190 432180 -123.7860589 0.89231
4345080 39.2523565 431700 -123.7915732 0.24682
4345080 39.2523589 431730 -123.7912255 0.29323
4345050 39.2520886 431730 -123.7912225 0.28286
4345020 39.2518206 431760 -123.7908718 0.27122
4344990 39.2515503 431760 -123.7908687 0.24877
4344780 39.2496723 431940 -123.7887616 0.42101
4344780 39.2496747 431970 -123.7884140 0.43404
4343670 39.2397296 432690 -123.7799597 0.77009
4343490 39.2380985 432570 -123.7813321 0.57360
4343490 39.2381078 432690 -123.7799417 0.69086
4343460 39.2378328 432630 -123.7806339 0.63676
4343460 39.2378352 432660 -123.7802863 0.90869
4343460 39.2378375 432690 -123.7799387 0.82450
4343430 39.2375555 432540 -123.7816737 0.42281
4343430 39.2375579 432570 -123.7813261 0.48810
4343430 39.2375625 432630 -123.7806309 0.56408
4343400 39.2372736 432390 -123.7834086 0.32943
4343400 39.2372759 432420 -123.7830610 0.34610
4343400 39.2372782 432450 -123.7827134 0.23991
4343400 39.2372899 432600 -123.7809755 0.53111
4343400 39.2372922 432630 -123.7806279 0.61802
4343370 39.2370032 432390 -123.7834056 0.35147
4343370 39.2370056 432420 -123.7830580 0.42090
4343370 39.2370079 432450 -123.7827104 0.30432
4343340 39.2367329 432390 -123.7834026 0.43614
4343340 39.2367353 432420 -123.7830550 0.29349
4343340 39.2367376 432450 -123.7827074 0.24741
4343340 39.2367400 432480 -123.7823598 0.30833
4343310 39.2364673 432450 -123.7827044 0.20932
4343250 39.2359314 432510 -123.7820033 0.24741
4343220 39.2356587 432480 -123.7823478 0.30003
4343220 39.2356611 432510 -123.7820003 0.28716
4343220 39.2356657 432570 -123.7813051 0.48790
4343130 39.2348478 432480 -123.7823388 0.55403
4343100 39.2345775 432480 -123.7823358 0.70901
4343070 39.2343049 432450 -123.7826804 0.36840
4342950 39.2332237 432450 -123.7826684 0.41700
4342680 39.2307769 432270 -123.7847267 0.20456
4341630 39.2213442 432630 -123.7804512 0.33267
4341630 39.2213512 432720 -123.7794087 0.40425
4341600 39.2210739 432630 -123.7804483 0.34059
4341600 39.2210763 432660 -123.7801007 0.30242
4341600 39.2210786 432690 -123.7797532 0.37342
4341570 39.2208083 432690 -123.7797503 0.37342
4341540 39.2205380 432690 -123.7797473 0.29538
4341540 39.2205403 432720 -123.7793998 0.33407
4341510 39.2202886 432960 -123.7766168 0.39106
4341480 39.2200298 433110 -123.7748763 0.46084
4341450 39.2197595 433110 -123.7748733 0.47070
4341450 39.2197618 433140 -123.7745258 0.48185
4341360 39.2189509 433140 -123.7745169 0.79191
4341150 39.2170333 432810 -123.7783184 0.38434
4341150 39.2170356 432840 -123.7779710 0.40822
4341150 39.2170379 432870 -123.7776235 0.41859
4341030 39.2159799 433170 -123.7741367 0.91524
4341030 39.2159822 433200 -123.7737893 0.83325
4340850 39.2143765 433410 -123.7713392 0.63193
4340580 39.2119091 432960 -123.7765244 0.62772
4340550 39.2116365 432930 -123.7768689 0.44831
4340520 39.2113615 432870 -123.7775609 0.51917
4340490 39.2110912 432870 -123.7775579 0.49650
4340490 39.2110982 432960 -123.7765155 0.71937
4340460 39.2108302 432990 -123.7761651 0.58676
4340430 39.2105460 432810 -123.7782468 0.48594
4340430 39.2105483 432840 -123.7778994 0.44043
4340430 39.2105599 432990 -123.7761621 0.51307
4340160 39.2081202 432900 -123.7771777 0.28467
4340130 39.2078614 433050 -123.7754375 0.43226
4340130 39.2078637 433080 -123.7750900 0.58574
4339950 39.2062396 433050 -123.7754196 0.61022
4339620 39.2032801 433230 -123.7733024 0.65418
4339590 39.2030029 433140 -123.7743417 0.49585
4339560 39.2027325 433140 -123.7743388 0.41683
4338570 39.1938309 433380 -123.7714619 0.80258
4338540 39.1935605 433380 -123.7714589 0.78925
4338360 39.1919708 433800 -123.7665781 0.62369
4338330 39.1917005 433800 -123.7665752 0.98755
4338300 39.1914279 433770 -123.7669196 0.90003
4335120 39.1629149 435630 -123.7450807 0.45121
4335090 39.1626446 435630 -123.7450778 0.41605
4335090 39.1626468 435660 -123.7447306 0.40896
4335060 39.1623742 435630 -123.7450750 0.34632
4335060 39.1623765 435660 -123.7447278 0.39671
4335030 39.1621062 435660 -123.7447249 0.32803
4335000 39.1618425 435750 -123.7436804 0.33255
4334940 39.1613041 435780 -123.7433275 0.32193
4330800 39.1241126 437310 -123.7252367 0.25231
4330770 39.1238401 437280 -123.7255809 0.34616
4330770 39.1238423 437310 -123.7252339 0.28776
4330740 39.1235698 437280 -123.7255782 0.61874
4330620 39.1224885 437280 -123.7255671 0.24662
4330590 39.1222204 437310 -123.7252173 0.31449
4330590 39.1222226 437340 -123.7248702 0.34394
4330560 39.1219522 437340 -123.7248675 0.28720
4312680 38.9606883 435210 -123.7478056 0.29689
4311780 38.9526074 435600 -123.7432198 0.34032
4311450 38.9496427 435720 -123.7418040 0.24447
4311450 38.9496449 435750 -123.7414579 0.28950
4311450 38.9496471 435780 -123.7411117 0.33170
4311420 38.9493768 435780 -123.7411089 0.33622
4310970 38.9453396 436020 -123.7382974 0.37985
4310640 38.9423704 436080 -123.7375743 0.32756
4310610 38.9420869 435900 -123.7396483 0.34832
4310610 38.9420891 435930 -123.7393022 0.36371
4310610 38.9421001 436080 -123.7375715 0.39795
4310580 38.9418166 435900 -123.7396455 0.29555
4310580 38.9418276 436050 -123.7379148 0.34032
4310580 38.9418298 436080 -123.7375687 0.33310
4310550 38.9415572 436050 -123.7379120 0.30169
4310550 38.9415594 436080 -123.7375659 0.25802
4310550 38.9415704 436230 -123.7358352 0.30428
4310520 38.9412957 436170 -123.7365246 0.34109
4310520 38.9412979 436200 -123.7361785 0.34099
4310490 38.9410232 436140 -123.7368680 0.30303
4310490 38.9410254 436170 -123.7365218 0.34457
4310460 38.9407441 436020 -123.7382497 0.25629
4310460 38.9407528 436140 -123.7368652 0.29712
4310460 38.9407550 436170 -123.7365190 0.29600
4310430 38.9404825 436140 -123.7368624 0.30303
4310430 38.9404978 436350 -123.7344394 0.42104
4310400 38.9402209 436260 -123.7354750 0.37479
4310400 38.9402275 436350 -123.7344366 0.42104
4310400 38.9402297 436380 -123.7340905 0.41753
4310370 38.9399353 436050 -123.7378952 0.27374
4310370 38.9399419 436140 -123.7368568 0.29051
4310340 38.9396716 436140 -123.7368540 0.33582
4310340 38.9396737 436170 -123.7365079 0.38758
4310340 38.9396759 436200 -123.7361617 0.37407
4310310 38.9394012 436140 -123.7368512 0.27919
4310310 38.9394034 436170 -123.7365051 0.32535
4310190 38.9383178 436110 -123.7371861 0.25152
4310190 38.9383265 436230 -123.7358016 0.37407
4310160 38.9380562 436230 -123.7357988 0.37995
4310160 38.9380584 436260 -123.7354527 0.42210
4310130 38.9377859 436230 -123.7357960 0.36933
4310130 38.9377880 436260 -123.7354499 0.41148
4310100 38.9375090 436140 -123.7368316 0.25090
4310100 38.9375155 436230 -123.7357932 0.38676
4310100 38.9375177 436260 -123.7354471 0.34121
4310070 38.9372387 436140 -123.7368288 0.21123
4310070 38.9372452 436230 -123.7357904 0.34032
4310040 38.9369705 436170 -123.7364799 0.29545
4310040 38.9369727 436200 -123.7361338 0.36532
4310010 38.9367024 436200 -123.7361310 0.36958
4309980 38.9364299 436170 -123.7364743 0.34189
4309980 38.9364321 436200 -123.7361282 0.37665
4309950 38.9361596 436170 -123.7364715 0.33673
4309950 38.9361618 436200 -123.7361254 0.33622
4309920 38.9358892 436170 -123.7364687 0.41343
4309920 38.9358914 436200 -123.7361226 0.29545
4309800 38.9348145 436260 -123.7354192 0.31457
4309800 38.9348210 436350 -123.7343809 0.38676
4309800 38.9348232 436380 -123.7340348 0.53508
4309770 38.9345442 436260 -123.7354164 0.28548
4309770 38.9345507 436350 -123.7343781 0.34186
4309770 38.9345529 436380 -123.7340320 0.33124
4309770 38.9345551 436410 -123.7336859 0.33124
4309740 38.9342826 436380 -123.7340292 0.33486
4309740 38.9342848 436410 -123.7336831 0.33546
4309740 38.9342869 436440 -123.7333370 0.41173
4309740 38.9342891 436470 -123.7329909 0.38650
4309710 38.9340123 436380 -123.7340264 0.33114
4309710 38.9340144 436410 -123.7336803 0.33597
4309710 38.9340166 436440 -123.7333342 0.35250
4309710 38.9340188 436470 -123.7329881 0.36737
4309620 38.9332122 436530 -123.7322876 0.41316
4309590 38.9329418 436530 -123.7322848 0.42210
4309560 38.9326672 436470 -123.7329742 0.31277
4309020 38.9278057 436530 -123.7322320 0.33296
4309020 38.9278079 436560 -123.7318859 0.46709
4308990 38.9275376 436560 -123.7318831 0.47822
4308960 38.9272673 436560 -123.7318803 0.47080
4308660 38.9245640 436560 -123.7318526 0.32082
4308600 38.9240234 436560 -123.7318470 0.29907
4308600 38.9240256 436590 -123.7315009 0.36944
4308570 38.9237531 436560 -123.7318442 0.27278
4308570 38.9237552 436590 -123.7314982 0.32454
4308540 38.9234806 436530 -123.7321875 0.28529
4308540 38.9234827 436560 -123.7318414 0.33259
4308540 38.9234849 436590 -123.7314954 0.35537
4308540 38.9234871 436620 -123.7311493 0.34568
4308510 38.9232124 436560 -123.7318387 0.31458
4308510 38.9232146 436590 -123.7314926 0.34805
4308510 38.9232168 436620 -123.7311466 0.42475
4308510 38.9232189 436650 -123.7308005 0.40820
4308480 38.9229421 436560 -123.7318359 0.30231
4308480 38.9229443 436590 -123.7314898 0.33617
4308480 38.9229464 436620 -123.7311438 0.38107
4308480 38.9229486 436650 -123.7307977 0.42316
4308450 38.9226739 436590 -123.7314871 0.37720
4308450 38.9226761 436620 -123.7311410 0.38802
4308450 38.9226783 436650 -123.7307950 0.48767
4308420 38.9224015 436560 -123.7318303 0.37020
4308420 38.9224036 436590 -123.7314843 0.38132
4308420 38.9224058 436620 -123.7311382 0.37720
4308390 38.9221333 436590 -123.7314815 0.32158
4308390 38.9221376 436650 -123.7307894 0.38511
4308390 38.9221398 436680 -123.7304434 0.46622
4308360 38.9218608 436560 -123.7318248 0.32530
4308360 38.9218630 436590 -123.7314787 0.31458
4308300 38.9213267 436650 -123.7307811 0.44509
4308270 38.9210563 436650 -123.7307783 0.50218
4308270 38.9210585 436680 -123.7304323 0.38604
4308210 38.9205200 436710 -123.7300807 0.46686
4308090 38.9194387 436710 -123.7300696 0.38541
4308060 38.9191684 436710 -123.7300669 0.41692
4308030 38.9188981 436710 -123.7300641 0.50895
4308000 38.9186278 436710 -123.7300613 0.46023
4308000 38.9186299 436740 -123.7297153 0.31458
4307970 38.9182987 435900 -123.7394013 0.23635
4307970 38.9183575 436710 -123.7300585 0.32621
4307970 38.9183596 436740 -123.7297125 0.37020
4307940 38.9180871 436710 -123.7300558 0.52905
4307910 38.9177602 435930 -123.7390497 0.20329
4307910 38.9177624 435960 -123.7387036 0.20551
4307910 38.9178146 436680 -123.7303990 0.29540
4307910 38.9178168 436710 -123.7300530 0.33693
4307910 38.9178190 436740 -123.7297070 0.43464
4307910 38.9178211 436770 -123.7293610 0.38584
4307880 38.9175465 436710 -123.7300502 0.25899
4307880 38.9175508 436770 -123.7293582 0.42830
4307850 38.9172805 436770 -123.7293554 0.44557
4307850 38.9172827 436800 -123.7290094 0.42454
4307820 38.9170080 436740 -123.7296987 0.24115
4307820 38.9170102 436770 -123.7293527 0.29629
4307820 38.9170123 436800 -123.7290066 0.47376
4307790 38.9166833 435990 -123.7383464 0.23056
4307790 38.9167420 436800 -123.7290039 0.41667
4307790 38.9167463 436860 -123.7283118 0.38521
4307760 38.9164717 436800 -123.7290011 0.34489
4307760 38.9164738 436830 -123.7286551 0.44434
4307730 38.9162014 436800 -123.7289983 0.34489
4307730 38.9162035 436830 -123.7286523 0.49388
4307730 38.9162057 436860 -123.7283063 0.37700
4307700 38.9159332 436830 -123.7286496 0.34878
4307700 38.9159354 436860 -123.7283035 0.33816
4307700 38.9159375 436890 -123.7279575 0.33620
4307700 38.9159397 436920 -123.7276115 0.38491
4307700 38.9159418 436950 -123.7272655 0.43174
4307670 38.9155976 435930 -123.7390272 0.24335
4307670 38.9156672 436890 -123.7279548 0.29783
4307670 38.9156693 436920 -123.7276087 0.40352
4307670 38.9156715 436950 -123.7272627 0.38790
4307640 38.9153969 436890 -123.7279520 0.29607
4307640 38.9153990 436920 -123.7276060 0.35764
4307640 38.9154076 437040 -123.7262219 0.32215
4307580 38.9147932 436020 -123.7379808 0.28801
4305900 38.8998415 438630 -123.7077274 0.32369
4305870 38.8995711 438630 -123.7077248 0.39653
4305870 38.8995732 438660 -123.7073788 0.33471
4305840 38.8993008 438630 -123.7077221 0.28530
4305840 38.8993029 438660 -123.7073761 0.32369
4305840 38.8993071 438720 -123.7066843 0.23852
4305780 38.8987706 438780 -123.7059870 0.29618
4305510 38.8963273 438630 -123.7076926 0.30434
4305480 38.8960590 438660 -123.7073440 0.24482
4305450 38.8957866 438630 -123.7076872 0.28733
4305450 38.8957887 438660 -123.7073413 0.24958
4305270 38.8941918 439020 -123.7031742 0.28733
4305240 38.8939194 438990 -123.7035175 0.29648
4305240 38.8939215 439020 -123.7031716 0.29648
4305240 38.8939236 439050 -123.7028257 0.21241
4305210 38.8936470 438960 -123.7038607 0.28975
4305210 38.8936491 438990 -123.7035148 0.33065
4305210 38.8936512 439020 -123.7031689 0.27869
4305180 38.8933767 438960 -123.7038581 0.33497
4305180 38.8933788 438990 -123.7035122 0.33497
4305180 38.8933808 439020 -123.7031662 0.28982
4305150 38.8931064 438960 -123.7038554 0.29648
4305150 38.8931084 438990 -123.7035095 0.33898
4305090 38.8925678 438990 -123.7035042 0.29605
4305060 38.8922975 438990 -123.7035015 0.34721
4303470 38.8780710 440460 -123.6864143 0.26357
4303410 38.8775344 440520 -123.6857174 0.20994
4303350 38.8769714 440190 -123.6895164 0.26367
4303350 38.8769958 440550 -123.6853664 0.24905
4303320 38.8767356 440700 -123.6836347 0.27756
4303320 38.8767377 440730 -123.6832888 0.29269
4303290 38.8764673 440730 -123.6832862 0.30133
4300980 38.8557539 442260 -123.6654549 0.35819
4300980 38.8557559 442290 -123.6651092 0.28134
4300950 38.8554855 442290 -123.6651066 0.29384
4300920 38.8552211 442380 -123.6640669 0.30141
4300890 38.8549390 442200 -123.6661388 0.28549
4300890 38.8549409 442230 -123.6657931 0.28748
4300860 38.8546706 442230 -123.6657905 0.35423
4300860 38.8546726 442260 -123.6654448 0.27570
4300800 38.8541260 442170 -123.6664769 0.28597
4300770 38.8538557 442170 -123.6664744 0.32862
4300770 38.8538576 442200 -123.6661287 0.37763
4300770 38.8538596 442230 -123.6657830 0.27620
4300740 38.8535873 442200 -123.6661262 0.35454
4300740 38.8535893 442230 -123.6657804 0.28184
4300740 38.8535913 442260 -123.6654347 0.28729
4300710 38.8533190 442230 -123.6657779 0.28779
4300710 38.8533209 442260 -123.6654322 0.35454
4300710 38.8533229 442290 -123.6650865 0.30183
4300710 38.8533249 442320 -123.6647408 0.30183
4300680 38.8530388 442080 -123.6675040 0.26200
4300680 38.8530427 442140 -123.6668126 0.31754
4300680 38.8530506 442260 -123.6654297 0.40058
4300680 38.8530526 442290 -123.6650840 0.33147
4300680 38.8530545 442320 -123.6647383 0.34209
4300680 38.8530565 442350 -123.6643925 0.28118
4300680 38.8530585 442380 -123.6640468 0.24198
4300680 38.8530644 442470 -123.6630097 0.30183
4300680 38.8530663 442500 -123.6626640 0.29490
4300650 38.8527645 442020 -123.6681929 0.33808
4300650 38.8527704 442110 -123.6671557 0.36030
4300650 38.8527724 442140 -123.6668100 0.39347
4300650 38.8527744 442170 -123.6664643 0.32644
4300650 38.8527822 442290 -123.6650815 0.38841
4300650 38.8527842 442320 -123.6647357 0.37906
4300650 38.8527881 442380 -123.6640443 0.30659
4300620 38.8524961 442050 -123.6678446 0.20344
4300620 38.8525021 442140 -123.6668075 0.36990
4300620 38.8525040 442170 -123.6664618 0.29968
4300620 38.8525119 442290 -123.6650789 0.32125
4300620 38.8525139 442320 -123.6647332 0.29968
4300620 38.8525178 442380 -123.6640418 0.29228
4300620 38.8525198 442410 -123.6636961 0.34512
4300620 38.8525276 442530 -123.6623132 0.30684
4300620 38.8525296 442560 -123.6619675 0.33761
4300620 38.8525413 442740 -123.6598932 0.33781
4300590 38.8522218 441990 -123.6685335 0.32786
4300590 38.8522238 442020 -123.6681878 0.29520
4300590 38.8522396 442260 -123.6654221 0.32125
4300590 38.8522494 442410 -123.6636936 0.29465
4300590 38.8522632 442620 -123.6612736 0.30163
4300560 38.8519515 441990 -123.6685310 0.37174
4300560 38.8519535 442020 -123.6681853 0.33262
4300530 38.8516812 441990 -123.6685285 0.39363
4300530 38.8516832 442020 -123.6681828 0.38995
4300530 38.8516970 442230 -123.6657628 0.33081
4300500 38.8514128 442020 -123.6681802 0.28589
4300500 38.8514168 442080 -123.6674888 0.25706
4300500 38.8514267 442230 -123.6657603 0.33110
4300470 38.8511504 442140 -123.6667949 0.30086
4300440 38.8508801 442140 -123.6667924 0.34982
4300440 38.8508821 442170 -123.6664467 0.33803
4300440 38.8508919 442320 -123.6647181 0.34982
4300440 38.8508939 442350 -123.6643724 0.33293
4300440 38.8509154 442680 -123.6605697 0.32181
4300440 38.8509174 442710 -123.6602240 0.38276
4300440 38.8509193 442740 -123.6598783 0.37875
4300440 38.8509213 442770 -123.6595325 0.32861
4300440 38.8509232 442800 -123.6591868 0.34138
4300440 38.8509252 442830 -123.6588411 0.32861
4300440 38.8509271 442860 -123.6584954 0.33110
4300410 38.8506078 442110 -123.6671355 0.30096
4300410 38.8506097 442140 -123.6667898 0.33110
4300410 38.8506117 442170 -123.6664441 0.33783
4300410 38.8506176 442260 -123.6654070 0.33317
4300410 38.8506196 442290 -123.6650613 0.33990
4300410 38.8506216 442320 -123.6647156 0.32892
4300410 38.8506235 442350 -123.6643699 0.37210
4300410 38.8506255 442380 -123.6640242 0.34564
4300410 38.8506275 442410 -123.6636785 0.50202
4300410 38.8506294 442440 -123.6633328 0.35740
4300410 38.8506451 442680 -123.6605672 0.33293
4300410 38.8506471 442710 -123.6602215 0.41668
4300410 38.8506490 442740 -123.6598758 0.41668
4300410 38.8506510 442770 -123.6595300 0.37239
4300410 38.8506529 442800 -123.6591843 0.35740
4300410 38.8506549 442830 -123.6588386 0.54161
4300410 38.8506568 442860 -123.6584929 0.42872
4300410 38.8506588 442890 -123.6581472 0.33110
4300380 38.8503453 442230 -123.6657502 0.32892
4300380 38.8503532 442350 -123.6643674 0.37135
4300380 38.8503571 442410 -123.6636760 0.37793
4300380 38.8503591 442440 -123.6633303 0.37291
4300380 38.8503611 442470 -123.6629846 0.31551
4300380 38.8503630 442500 -123.6626389 0.32231
4300380 38.8503650 442530 -123.6622932 0.32465
4300380 38.8503669 442560 -123.6619475 0.45848
4300380 38.8503689 442590 -123.6616018 0.51920
4300380 38.8503709 442620 -123.6612561 0.57586
4300380 38.8503767 442710 -123.6602190 0.36269
4300380 38.8503787 442740 -123.6598733 0.36269
4300380 38.8503845 442830 -123.6588361 0.41831
4300380 38.8503865 442860 -123.6584904 0.34163
4300380 38.8503884 442890 -123.6581447 0.33783
4300350 38.8500770 442260 -123.6654020 0.42333
4300350 38.8500868 442410 -123.6636735 0.37581
4300350 38.8500888 442440 -123.6633278 0.38799
4300350 38.8500907 442470 -123.6629821 0.37135
4300350 38.8500927 442500 -123.6626364 0.42928
4300350 38.8500947 442530 -123.6622907 0.28669
4300350 38.8500966 442560 -123.6619450 0.35034
4300350 38.8500986 442590 -123.6615993 0.36705
4300350 38.8501005 442620 -123.6612536 0.45933
4300350 38.8501025 442650 -123.6609079 0.46157
4300350 38.8501064 442710 -123.6602165 0.36319
4300350 38.8501084 442740 -123.6598708 0.41220
4300350 38.8501103 442770 -123.6595251 0.37135
4300350 38.8501123 442800 -123.6591794 0.33990
4300320 38.8498165 442410 -123.6636710 0.32917
4300320 38.8498184 442440 -123.6633253 0.37366
4300320 38.8498204 442470 -123.6629796 0.35639
4300320 38.8498224 442500 -123.6626339 0.42247
4300320 38.8498243 442530 -123.6622882 0.33990
4300320 38.8498282 442590 -123.6615968 0.38388
4300320 38.8498302 442620 -123.6612511 0.46157
4300320 38.8498322 442650 -123.6609054 0.53465
4300320 38.8498341 442680 -123.6605597 0.37366
4300320 38.8498380 442740 -123.6598683 0.45077
4300320 38.8498400 442770 -123.6595226 0.47463
4300290 38.8495501 442470 -123.6629771 0.33706
4300290 38.8495520 442500 -123.6626314 0.41684
4300290 38.8495540 442530 -123.6622857 0.37366
4300290 38.8495560 442560 -123.6619400 0.27788
4300290 38.8495599 442620 -123.6612486 0.37798
4300290 38.8495618 442650 -123.6609029 0.42928
4300290 38.8495638 442680 -123.6605572 0.44041
4300290 38.8495657 442710 -123.6602115 0.28239
4300290 38.8495677 442740 -123.6598658 0.37166
4300290 38.8495696 442770 -123.6595201 0.33217
4300290 38.8495716 442800 -123.6591744 0.27788
4300260 38.8492660 442260 -123.6653944 0.33882
4300260 38.8492680 442290 -123.6650487 0.33766
4300260 38.8492699 442320 -123.6647030 0.29947
4300260 38.8492817 442500 -123.6626288 0.37166
4300260 38.8492837 442530 -123.6622832 0.37366
4300260 38.8492856 442560 -123.6619375 0.32835
4300260 38.8492876 442590 -123.6615918 0.33913
4300260 38.8492895 442620 -123.6612461 0.33706
4300260 38.8492915 442650 -123.6609004 0.37849
4300260 38.8492935 442680 -123.6605547 0.34486
4300260 38.8493032 442830 -123.6588262 0.32155
4300230 38.8489976 442290 -123.6650462 0.27773
4300230 38.8489996 442320 -123.6647005 0.41136
4300230 38.8490016 442350 -123.6643548 0.35293
4300230 38.8490035 442380 -123.6640091 0.34522
4300230 38.8490114 442500 -123.6626263 0.32835
4300230 38.8490133 442530 -123.6622806 0.32835
4300230 38.8490192 442620 -123.6612436 0.37166
4300230 38.8490212 442650 -123.6608979 0.44761
4300230 38.8490231 442680 -123.6605522 0.33217
4300230 38.8490309 442800 -123.6591694 0.33706
4300230 38.8490329 442830 -123.6588237 0.32835
4300200 38.8487293 442320 -123.6646980 0.37166
4300200 38.8487312 442350 -123.6643523 0.37166
4300200 38.8487332 442380 -123.6640066 0.39524
4300200 38.8487352 442410 -123.6636609 0.34096
4300200 38.8487508 442650 -123.6608954 0.32835
4300200 38.8487528 442680 -123.6605497 0.37166
4300200 38.8487567 442740 -123.6598583 0.40206
4300200 38.8487587 442770 -123.6595126 0.32835
4300170 38.8484609 442350 -123.6643498 0.27731
4300170 38.8484629 442380 -123.6640041 0.39605
4300170 38.8484648 442410 -123.6636584 0.51413
4300170 38.8484825 442680 -123.6605472 0.32180
4300170 38.8484844 442710 -123.6602015 0.32841
4300170 38.8484864 442740 -123.6598558 0.28163
4300170 38.8484883 442770 -123.6595101 0.46377
4300140 38.8481827 442230 -123.6657300 0.30250
4300140 38.8481945 442410 -123.6636559 0.33055
4300140 38.8481965 442440 -123.6633102 0.29824
4300140 38.8481984 442470 -123.6629645 0.24304
4300140 38.8482004 442500 -123.6626188 0.27691
4300140 38.8482180 442770 -123.6595076 0.44015
4300140 38.8482200 442800 -123.6591619 0.33250
4300110 38.8479320 442530 -123.6622706 0.34148
4300110 38.8479477 442770 -123.6595051 0.38643
4300110 38.8479496 442800 -123.6591594 0.36883
4300080 38.8476793 442800 -123.6591569 0.33095
4299930 38.8463354 442920 -123.6577617 0.31092
4299840 38.8455244 442920 -123.6577542 0.29083
4299810 38.8452561 442950 -123.6574061 0.32210
4299060 38.8385442 443670 -123.6490484 0.31854
4298970 38.8377428 443820 -123.6473128 0.30071
4298940 38.8374667 443730 -123.6483472 0.32230
4298940 38.8374686 443760 -123.6480016 0.35699
4298910 38.8371945 443700 -123.6486904 0.24885
4298910 38.8371964 443730 -123.6483448 0.39792
4298880 38.8369241 443700 -123.6486880 0.28280
4298880 38.8369260 443730 -123.6483423 0.45156
4298880 38.8369280 443760 -123.6479967 0.32180
4298880 38.8369356 443880 -123.6466141 0.36812
4298850 38.8366557 443730 -123.6483399 0.45156
4298850 38.8366576 443760 -123.6479943 0.33766
4298820 38.8363873 443760 -123.6479918 0.39633
4293960 38.7929917 450390 -123.5712554 0.37421
4293960 38.7929933 450420 -123.5709100 0.44695
4293930 38.7927213 450390 -123.5712533 0.46689
4293930 38.7927230 450420 -123.5709078 0.36854
4292850 38.7830443 451380 -123.5597779 0.48736
4292760 38.7822432 451560 -123.5576993 0.41172
4292670 38.7814306 451530 -123.5580384 0.48480
4292670 38.7814322 451560 -123.5576930 0.38460
4292640 38.7811536 451410 -123.5594178 0.45982
4292640 38.7811553 451440 -123.5590724 0.48480
4292640 38.7811602 451530 -123.5580363 0.60544
4292640 38.7811619 451560 -123.5576909 0.53837
4292640 38.7811635 451590 -123.5573455 0.33537
4292640 38.7811652 451620 -123.5570001 0.42595
4292640 38.7811668 451650 -123.5566548 0.38228
4292610 38.7808849 451440 -123.5590703 0.34040
4292610 38.7808899 451530 -123.5580341 0.55379
4292610 38.7808915 451560 -123.5576888 0.51875
4292610 38.7808932 451590 -123.5573434 0.44018
4292610 38.7808948 451620 -123.5569980 0.38680
4292610 38.7808965 451650 -123.5566527 0.34871
4292580 38.7806146 451440 -123.5590682 0.34713
4292580 38.7806196 451530 -123.5580320 0.40362
4292580 38.7806212 451560 -123.5576867 0.48149
4292580 38.7806229 451590 -123.5573413 0.43657
4292580 38.7806245 451620 -123.5569959 0.39577
4292550 38.7803509 451560 -123.5576846 0.41155
4292550 38.7803525 451590 -123.5573392 0.45693
4292550 38.7803542 451620 -123.5569938 0.43657
4292520 38.7800739 451440 -123.5590639 0.34890
4292520 38.7800838 451620 -123.5569917 0.42595
4292490 38.7798036 451440 -123.5590618 0.39577
4292370 38.7787354 451680 -123.5562905 0.37798
4292370 38.7787371 451710 -123.5559451 0.40562
4292340 38.7784618 451620 -123.5569791 0.37598
4292340 38.7784634 451650 -123.5566337 0.44959
4292340 38.7784651 451680 -123.5562884 0.38279
4292340 38.7784667 451710 -123.5559430 0.36346
4292310 38.7781915 451620 -123.5569770 0.44959
4292310 38.7781931 451650 -123.5566316 0.51473
4292310 38.7781947 451680 -123.5562863 0.41324
4292310 38.7781964 451710 -123.5559409 0.29091
4292280 38.7779211 451620 -123.5569749 0.44730
4292280 38.7779228 451650 -123.5566295 0.34908
4291530 38.7712357 452970 -123.5413826 0.34977
4291110 38.7674509 452970 -123.5413540 0.42959
4286850 38.7292820 457290 -123.4913658 0.36217
4286790 38.7287443 457350 -123.4906718 0.43890
4286760 38.7284754 457380 -123.4903249 0.39505
4286760 38.7284768 457410 -123.4899797 0.38481
4286340 38.7247064 457710 -123.4865028 0.38481
4285830 38.7201769 459120 -123.4702526 0.29100
4285740 38.7193742 459300 -123.4681768 0.40035
4285710 38.7190914 459030 -123.4712808 0.28861
4285710 38.7191025 459270 -123.4685201 0.31055
4285710 38.7191052 459330 -123.4678300 0.30248
4285680 38.7188224 459060 -123.4709339 0.30317
4285680 38.7188363 459360 -123.4674831 0.29889
4285650 38.7185535 459090 -123.4705871 0.37677
4285650 38.7185673 459390 -123.4671363 0.37209
4285650 38.7185687 459420 -123.4667912 0.35378
4285620 38.7182873 459180 -123.4695501 0.39621
4285620 38.7182887 459210 -123.4692050 0.38378
4285620 38.7183011 459480 -123.4660993 0.38322
4285590 38.7180183 459210 -123.4692032 0.57722
4285590 38.7180197 459240 -123.4688581 0.57091
4285590 38.7180211 459270 -123.4685131 0.37692
4285590 38.7180321 459510 -123.4657525 0.29712
4285560 38.7177494 459240 -123.4688564 0.39780
4285560 38.7177507 459270 -123.4685113 0.51936
4285560 38.7177521 459300 -123.4681662 0.33771
4285530 38.7174818 459300 -123.4681645 0.34726
4285530 38.7174832 459330 -123.4678194 0.30295
4285530 38.7174873 459420 -123.4667842 0.31551
4285530 38.7174887 459450 -123.4664391 0.33294
4285500 38.7172128 459330 -123.4678176 0.38754
4285500 38.7172142 459360 -123.4674726 0.33285
4285500 38.7172183 459450 -123.4664373 0.38723
4285470 38.7169425 459330 -123.4678159 0.33325
4285470 38.7169439 459360 -123.4674708 0.46248
4285440 38.7166735 459360 -123.4674690 0.55080
4285440 38.7166749 459390 -123.4671240 0.36409
4285410 38.7164032 459360 -123.4674673 0.31602
4284990 38.7126416 459870 -123.4615768 0.38597
4284990 38.7126430 459900 -123.4612317 0.32015
4284990 38.7126457 459960 -123.4605416 0.30313
4284960 38.7123754 459960 -123.4605399 0.36382
4284960 38.7123767 459990 -123.4601948 0.34190
4284930 38.7121009 459870 -123.4615733 0.29107
4284930 38.7121091 460050 -123.4595030 0.31266
4284930 38.7121105 460080 -123.4591579 0.34192
4284690 38.7099531 460200 -123.4577640 0.30120
4284690 38.7099545 460230 -123.4574189 0.29417
4284270 38.7061804 460470 -123.4546346 0.34190
4284240 38.7059100 460470 -123.4546329 0.31336
4284210 38.7056370 460410 -123.4553213 0.34190
4284210 38.7056383 460440 -123.4549762 0.29984
4284180 38.7053667 460410 -123.4553195 0.34149
4284180 38.7053680 460440 -123.4549745 0.40575
4284120 38.7048233 460350 -123.4560061 0.34851
4284090 38.7045570 460440 -123.4549694 0.34851
4284090 38.7045596 460500 -123.4542794 0.27838
4284090 38.7045610 460530 -123.4539343 0.32106
4284060 38.7042893 460500 -123.4542776 0.37950
4284060 38.7042906 460530 -123.4539326 0.33087
4284060 38.7042947 460620 -123.4528976 0.36816
4284030 38.7040176 460470 -123.4546209 0.33168
4284030 38.7040190 460500 -123.4542759 0.35872
4284030 38.7040203 460530 -123.4539309 0.34930
4284030 38.7040216 460560 -123.4535859 0.34865
4284030 38.7040243 460620 -123.4528959 0.34865
4284030 38.7040296 460740 -123.4515159 0.37828
4284030 38.7040310 460770 -123.4511709 0.46123
4284000 38.7037566 460680 -123.4522042 0.33168
4284000 38.7037606 460770 -123.4511692 0.48539
4283880 38.7026859 460920 -123.4494373 0.43850
4283880 38.7026872 460950 -123.4490923 0.45741
4283850 38.7024182 460980 -123.4487456 0.46803
4283550 38.6997253 461220 -123.4459688 0.29741
4283520 38.6994536 461190 -123.4463121 0.31147
4283520 38.6994549 461220 -123.4459672 0.39416
4283520 38.6994563 461250 -123.4456222 0.28405
4283490 38.6991806 461130 -123.4470004 0.35294
4283460 38.6989274 461520 -123.4425139 0.26181
4283430 38.6986439 461220 -123.4459621 0.33168
4283430 38.6986452 461250 -123.4456171 0.28848
4283310 38.6975625 461220 -123.4459554 0.33168
4283310 38.6975638 461250 -123.4456104 0.34190
4283280 38.6972935 461250 -123.4456087 0.35294
4283250 38.6970258 461310 -123.4449171 0.29521
4283250 38.6970271 461340 -123.4445721 0.27967
4283220 38.6967541 461280 -123.4452604 0.25131
4283220 38.6967567 461340 -123.4445705 0.28851
4283070 38.6954142 461550 -123.4421473 0.35302
4282890 38.6937855 461400 -123.4438621 0.32106
4282890 38.6937868 461430 -123.4435172 0.29608
4282650 38.6916280 461520 -123.4424690 0.28546
4282620 38.6913576 461520 -123.4424673 0.33642
4281060 38.6773357 462360 -123.4327240 0.46991
4280670 38.6738553 463170 -123.4233915 0.39665
4280610 38.6733171 463230 -123.4226986 0.28892
4280550 38.6727838 463410 -123.4206262 0.24576
4280520 38.6725135 463410 -123.4206247 0.29228
4280520 38.6725147 463440 -123.4202798 0.38637
4280490 38.6722394 463320 -123.4216577 0.44114
4280490 38.6722406 463350 -123.4213128 0.39458
4280490 38.6722431 463410 -123.4206231 0.46248
4280490 38.6722444 463440 -123.4202782 0.42885
4280490 38.6722456 463470 -123.4199334 0.33418
4280490 38.6722468 463500 -123.4195885 0.48759
4280460 38.6719691 463320 -123.4216561 0.29680
4280460 38.6719728 463410 -123.4206215 0.43208
4280460 38.6719740 463440 -123.4202766 0.52306
4280460 38.6719777 463530 -123.4192421 0.48759
4280430 38.6717024 463410 -123.4206199 0.31764
4280430 38.6717037 463440 -123.4202751 0.51509
4280430 38.6717049 463470 -123.4199302 0.40258
4280430 38.6717074 463530 -123.4192405 0.34744
4280400 38.6714333 463440 -123.4202735 0.24652
4280400 38.6714346 463470 -123.4199286 0.30215
4280100 38.6687323 463500 -123.4195680 0.22827
4278750 38.6566044 464430 -123.4088087 0.49131
4278750 38.6566056 464460 -123.4084639 0.57222
4278390 38.6533530 464250 -123.4108589 0.29702
4278390 38.6533542 464280 -123.4105141 0.33912
4278360 38.6530863 464340 -123.4098230 0.42323
4278360 38.6530875 464370 -123.4094783 0.36894
4278330 38.6528159 464340 -123.4098215 0.36252
4278330 38.6528171 464370 -123.4094767 0.39716
4278300 38.6525456 464340 -123.4098200 0.43805
4278300 38.6525468 464370 -123.4094752 0.38575
4278300 38.6525480 464400 -123.4091304 0.30998
4278270 38.6522740 464310 -123.4101632 0.30345
4278270 38.6522776 464400 -123.4091289 0.35074
4278210 38.6517466 464640 -123.4063677 0.29687
4278150 38.6511974 464430 -123.4087780 0.29564
4278150 38.6511999 464490 -123.4080885 0.29890
4278120 38.6509259 464400 -123.4091212 0.38401
4278120 38.6509271 464430 -123.4087764 0.34969
4278090 38.6506555 464400 -123.4091197 0.52576
4278090 38.6506567 464430 -123.4087749 0.35279
4278090 38.6506580 464460 -123.4084302 0.29850
4278090 38.6506592 464490 -123.4080854 0.31636
4278090 38.6506628 464580 -123.4070511 0.34918
4278060 38.6503864 464430 -123.4087734 0.29489
4278060 38.6503876 464460 -123.4084286 0.26725
4277940 38.6493110 464580 -123.4070435 0.30022
4277940 38.6493122 464610 -123.4066987 0.38379
4277460 38.6449962 464850 -123.4039164 0.26150
4277430 38.6447246 464820 -123.4042597 0.30587
4277430 38.6447258 464850 -123.4039149 0.26150
4277370 38.6441887 464940 -123.4028777 0.31229
4277220 38.6428452 465150 -123.4004571 0.38001
4277220 38.6428464 465180 -123.4001124 0.61384
4277190 38.6425760 465180 -123.4001109 0.62925
4276830 38.6393447 465510 -123.3963011 0.46292
4276830 38.6393459 465540 -123.3959564 0.56378
4276800 38.6390755 465540 -123.3959550 0.54880
4276800 38.6390767 465570 -123.3956103 0.56243
4276350 38.6350296 465780 -123.3931752 0.31681
4276080 38.6326033 465960 -123.3910939 0.26870
4276050 38.6323341 465990 -123.3907477 0.34868
4276050 38.6323353 466020 -123.3904031 0.38402
4276050 38.6323364 466050 -123.3900584 0.37289
4276050 38.6323376 466080 -123.3897137 0.48809
4276050 38.6323387 466110 -123.3893691 0.69478
4276050 38.6323399 466140 -123.3890244 0.52164
4276020 38.6320603 465900 -123.3917803 0.36063
4276020 38.6320626 465960 -123.3910909 0.26201
4276020 38.6320638 465990 -123.3907463 0.44535
4276020 38.6320649 466020 -123.3904016 0.52646
4276020 38.6320661 466050 -123.3900569 0.66125
4276020 38.6320672 466080 -123.3897123 0.75854
4276020 38.6320684 466110 -123.3893676 0.49704
4276020 38.6320695 466140 -123.3890229 0.41371
4275990 38.6317900 465900 -123.3917788 0.40607
4275990 38.6317911 465930 -123.3914341 0.32642
4275990 38.6317923 465960 -123.3910895 0.40548
4275960 38.6315208 465930 -123.3914327 0.40562
4275960 38.6315219 465960 -123.3910880 0.41784
4275360 38.6261309 466380 -123.3862337 0.33618
4275270 38.6253233 466470 -123.3851954 0.30435
4275270 38.6253244 466500 -123.3848508 0.33372
4275240 38.6250541 466500 -123.3848494 0.38361
4274850 38.6215497 466770 -123.3817290 0.34503
4274850 38.6215508 466800 -123.3813844 0.70550
4274820 38.6212793 466770 -123.3817276 0.29457
4274820 38.6212804 466800 -123.3813830 0.40316
4274790 38.6210089 466770 -123.3817262 0.34229
4274790 38.6210101 466800 -123.3813815 0.32290
4274790 38.6210112 466830 -123.3810369 0.39254
4274760 38.6207397 466800 -123.3813801 0.31076
4274760 38.6207408 466830 -123.3810355 0.29869
4274760 38.6207420 466860 -123.3806909 0.39949
4274760 38.6207431 466890 -123.3803463 0.38257
4274730 38.6204739 466920 -123.3800002 0.41409
4274700 38.6202035 466920 -123.3799988 0.34954
4274700 38.6202046 466950 -123.3796542 0.59442
4274670 38.6199320 466890 -123.3803420 0.33698
4274670 38.6199331 466920 -123.3799974 0.38298
4274670 38.6199343 466950 -123.3796528 0.48212
4274640 38.6196594 466830 -123.3810298 0.29985
4274640 38.6196617 466890 -123.3803406 0.44772
4274640 38.6196628 466920 -123.3799959 0.45150
4274610 38.6193902 466860 -123.3806837 0.33386
4274610 38.6193913 466890 -123.3803391 0.37301
4274580 38.6191232 466950 -123.3796485 0.48493
4274580 38.6191243 466980 -123.3793039 0.61683
4274580 38.6191254 467010 -123.3789593 0.56224
4274550 38.6188551 467010 -123.3789579 0.50897
4274550 38.6188562 467040 -123.3786132 0.68554
4274520 38.6185847 467010 -123.3789564 0.29959
4274520 38.6185859 467040 -123.3786118 0.34948
4274520 38.6185870 467070 -123.3782672 0.55843
4274490 38.6183155 467040 -123.3786104 0.30015
4274490 38.6183166 467070 -123.3782658 0.62112
4274460 38.6180429 466980 -123.3792982 0.29634
4274460 38.6180440 467010 -123.3789536 0.29666
4274460 38.6180451 467040 -123.3786090 0.35421
4274460 38.6180463 467070 -123.3782644 0.57477
4274430 38.6177748 467040 -123.3786076 0.29666
4274430 38.6177759 467070 -123.3782630 0.31994
4274430 38.6177770 467100 -123.3779184 0.49760
4274430 38.6177781 467130 -123.3775738 0.64366
4274430 38.6177792 467160 -123.3772292 0.46801
4274400 38.6175067 467100 -123.3779169 0.31265
4274400 38.6175078 467130 -123.3775723 0.61443
4274400 38.6175089 467160 -123.3772277 0.52806
4274340 38.6169704 467220 -123.3765357 0.44596
4274310 38.6166956 467100 -123.3779127 0.38749
4274310 38.6166967 467130 -123.3775681 0.26252
4274310 38.6166989 467190 -123.3768789 0.53120
4274310 38.6167001 467220 -123.3765343 0.88519
4274280 38.6164253 467100 -123.3779113 0.34432
4274280 38.6164275 467160 -123.3772221 0.36532
4274280 38.6164286 467190 -123.3768775 0.46663
4274280 38.6164297 467220 -123.3765329 0.88621
4274280 38.6164308 467250 -123.3761883 0.77393
4274250 38.6161549 467100 -123.3779099 0.30686
4274250 38.6161571 467160 -123.3772207 0.25542
4274250 38.6161582 467190 -123.3768761 0.35520
4274250 38.6161593 467220 -123.3765315 0.60699
4274250 38.6161605 467250 -123.3761869 0.47321
4274220 38.6158890 467220 -123.3765301 0.26756
4274190 38.6156153 467130 -123.3775624 0.31087
4274190 38.6156175 467190 -123.3768732 0.29608
4274160 38.6153483 467220 -123.3765272 0.29029
4274130 38.6150779 467220 -123.3765258 0.30091
4274130 38.6150802 467280 -123.3758367 0.39674
4274130 38.6150813 467310 -123.3754921 0.40080
4274100 38.6148065 467190 -123.3768690 0.34401
4274100 38.6148098 467280 -123.3758352 0.33386
4274100 38.6148109 467310 -123.3754907 0.35394
4274100 38.6148120 467340 -123.3751461 0.45098
4274100 38.6148131 467370 -123.3748015 0.36888
4274070 38.6145361 467190 -123.3768676 0.38831
4274070 38.6145372 467220 -123.3765230 0.31265
4274070 38.6145417 467340 -123.3751447 0.61266
4274070 38.6145428 467370 -123.3748001 0.82103
4274070 38.6145439 467400 -123.3744555 0.68155
4274040 38.6142669 467220 -123.3765216 0.40703
4274040 38.6142680 467250 -123.3761770 0.35470
4274040 38.6142691 467280 -123.3758324 0.40038
4274040 38.6142702 467310 -123.3754878 0.35426
4274040 38.6142713 467340 -123.3751433 0.31375
4274040 38.6142724 467370 -123.3747987 0.58105
4274040 38.6142735 467400 -123.3744541 0.66706
4274040 38.6142746 467430 -123.3741095 0.45571
4274010 38.6139987 467280 -123.3758310 0.35098
4274010 38.6139998 467310 -123.3754864 0.34383
4274010 38.6140010 467340 -123.3751419 0.40442
4274010 38.6140021 467370 -123.3747973 0.45805
4274010 38.6140032 467400 -123.3744527 0.75789
4274010 38.6140043 467430 -123.3741081 0.66983
4274010 38.6140054 467460 -123.3737635 0.50372
4274010 38.6140065 467490 -123.3734189 0.39627
4273980 38.6137328 467400 -123.3744513 0.59108
4273980 38.6137339 467430 -123.3741067 0.63949
4273980 38.6137350 467460 -123.3737621 0.67754
4273980 38.6137361 467490 -123.3734175 0.45874
4273980 38.6137372 467520 -123.3730730 0.33280
4273980 38.6137383 467550 -123.3727284 0.46792
4273950 38.6134636 467430 -123.3741053 0.44554
4273950 38.6134647 467460 -123.3737607 0.61473
4273950 38.6134658 467490 -123.3734161 0.45781
4273950 38.6134669 467520 -123.3730716 0.40392
4273950 38.6134680 467550 -123.3727270 0.63507
4273950 38.6134691 467580 -123.3723824 0.44698
4273950 38.6134723 467670 -123.3713487 0.35300
4273950 38.6134734 467700 -123.3710041 0.40496
4273920 38.6131943 467460 -123.3737593 0.34229
4273920 38.6131954 467490 -123.3734147 0.38669
4273920 38.6131965 467520 -123.3730702 0.33280
4273920 38.6131987 467580 -123.3723810 0.38207
4273920 38.6131998 467610 -123.3720364 0.29828
4273920 38.6132020 467670 -123.3713473 0.33498
4273920 38.6132031 467700 -123.3710027 0.43027
4273890 38.6129283 467580 -123.3723796 0.53455
4273890 38.6129294 467610 -123.3720350 0.65477
4273890 38.6129305 467640 -123.3716905 0.40282
4273890 38.6129316 467670 -123.3713459 0.35706
4273890 38.6129327 467700 -123.3710013 0.35608
4273860 38.6126580 467580 -123.3723782 0.45810
4273860 38.6126591 467610 -123.3720336 0.61013
4273860 38.6126602 467640 -123.3716891 0.56676
4273860 38.6126613 467670 -123.3713445 0.40646
4273830 38.6123909 467670 -123.3713431 0.40245
4273830 38.6123920 467700 -123.3709985 0.34430
4273830 38.6123931 467730 -123.3706539 0.31277
4273650 38.6107764 467880 -123.3689228 0.70383
4273620 38.6105061 467880 -123.3689214 0.52831
4273620 38.6105072 467910 -123.3685768 0.68424
4273500 38.6094236 467850 -123.3692604 0.99529
4273470 38.6091500 467760 -123.3702927 0.30743
4273470 38.6091511 467790 -123.3699481 0.42106
4273440 38.6088807 467790 -123.3699467 0.55278
4273440 38.6088818 467820 -123.3696022 0.95187
4273440 38.6088829 467850 -123.3692576 0.82586
4273410 38.6086060 467670 -123.3713236 0.26770
4273410 38.6086071 467700 -123.3709790 0.65754
4272540 38.6007874 468270 -123.3643928 0.44666
4272510 38.6005181 468300 -123.3640469 0.41675
4272510 38.6005192 468330 -123.3637024 0.42138
4272510 38.6005203 468360 -123.3633579 0.62108
4272510 38.6005213 468390 -123.3630134 0.67381
4272480 38.6002435 468180 -123.3654236 0.39948
4272480 38.6002445 468210 -123.3650791 0.32796
4272480 38.6002488 468330 -123.3637010 0.53090
4272480 38.6002499 468360 -123.3633565 0.59228
4272480 38.6002510 468390 -123.3630120 0.42688
4272450 38.5999742 468210 -123.3650777 0.43375
4272450 38.5999753 468240 -123.3647332 0.33538
4272450 38.5999795 468360 -123.3633552 0.37915
4272360 38.5991653 468270 -123.3643846 0.44742
4272360 38.5991663 468300 -123.3640401 0.41437
4272330 38.5988949 468270 -123.3643832 0.45448
4272330 38.5988960 468300 -123.3640387 0.65699
4272330 38.5988971 468330 -123.3636942 0.57755
4272330 38.5988981 468360 -123.3633497 0.35804
4272300 38.5986256 468300 -123.3640374 0.49835
4272300 38.5986267 468330 -123.3636929 0.51436
4272300 38.5986278 468360 -123.3633484 0.48897
4272300 38.5986288 468390 -123.3630038 0.46641
4272270 38.5983574 468360 -123.3633470 0.41437
4272270 38.5983585 468390 -123.3630025 0.51787
4272270 38.5983596 468420 -123.3626580 0.39248
4272240 38.5980881 468390 -123.3630011 0.43812
4272240 38.5980892 468420 -123.3626566 0.35892
4272210 38.5978189 468420 -123.3626553 0.33482
4271430 38.5908366 469770 -123.3471187 0.43502
4271310 38.5897501 469620 -123.3488358 0.33827
4271310 38.5897511 469650 -123.3484913 0.40319
4271280 38.5894808 469650 -123.3484900 0.34469
4271250 38.5892114 469680 -123.3481443 0.33407
4271250 38.5892125 469710 -123.3477998 0.33407
4271220 38.5889421 469710 -123.3477985 0.30044
4271100 38.5878719 470040 -123.3440042 0.45283
4271100 38.5878729 470070 -123.3436598 0.49715
4271070 38.5876026 470070 -123.3436585 0.74680
4271040 38.5873322 470070 -123.3436572 0.65181
4270830 38.5854417 470130 -123.3429593 0.39880
4270830 38.5854427 470160 -123.3426148 0.48208
4270800 38.5851724 470160 -123.3426136 0.48830
4270800 38.5851734 470190 -123.3422691 0.41184
4270800 38.5851744 470220 -123.3419247 0.41524
4270770 38.5849030 470190 -123.3422678 0.69619
4270770 38.5849040 470220 -123.3419234 0.67175
4270770 38.5849051 470250 -123.3415789 0.52502
4270740 38.5846327 470190 -123.3422665 0.42257
4270740 38.5846337 470220 -123.3419221 0.48815
4270740 38.5846347 470250 -123.3415777 0.47352
4270710 38.5843633 470220 -123.3419208 0.43530
4270710 38.5843643 470250 -123.3415764 0.49892
4270710 38.5843653 470280 -123.3412319 0.38853
4269630 38.5746305 470220 -123.3418747 0.36226
4269630 38.5746315 470250 -123.3415303 0.36226
4269420 38.5727401 470280 -123.3411769 0.38953
4269420 38.5727411 470310 -123.3408326 0.47813
4268730 38.5665338 470640 -123.3370153 0.30811
4268610 38.5654534 470670 -123.3366659 0.30128
4268610 38.5654544 470700 -123.3363215 0.36669
4268580 38.5651840 470700 -123.3363203 0.45764
4268580 38.5651850 470730 -123.3359759 0.39502
4268550 38.5649137 470700 -123.3363190 0.36967
4268550 38.5649147 470730 -123.3359746 0.39838
4268520 38.5646463 470790 -123.3352847 0.34358
4268520 38.5646473 470820 -123.3349403 0.43304
4268460 38.5641076 470850 -123.3345935 0.33856
4268430 38.5638382 470880 -123.3342479 0.56858
4268430 38.5638392 470910 -123.3339036 0.49131
4268430 38.5638401 470940 -123.3335592 0.30634
4268430 38.5638431 471030 -123.3325262 0.33321
4268400 38.5635698 470940 -123.3335580 0.34723
4268400 38.5635708 470970 -123.3332136 0.39828
4268400 38.5635844 471390 -123.3283928 0.37732
4268370 38.5633140 471390 -123.3283916 0.39880
4268370 38.5633150 471420 -123.3280473 0.42539
4268340 38.5630446 471420 -123.3280460 0.38573
4268340 38.5630456 471450 -123.3277017 0.50913
4268340 38.5630466 471480 -123.3273573 0.38097
4268310 38.5627753 471450 -123.3277005 0.46196
4268310 38.5627762 471480 -123.3273561 0.46301
4268310 38.5627772 471510 -123.3270118 0.33714
4268280 38.5625049 471450 -123.3276992 0.37110
4268280 38.5625059 471480 -123.3273549 0.44835
4267890 38.5590140 472200 -123.3190753 0.40004
4267890 38.5590150 472230 -123.3187309 0.32301
4267650 38.5568651 472650 -123.3139010 0.38018
4267650 38.5568661 472680 -123.3135567 0.48101
4267650 38.5568670 472710 -123.3132124 0.37572
4267620 38.5565976 472740 -123.3128669 0.34382
4267530 38.5557920 472920 -123.3107976 0.37379
4267500 38.5555225 472950 -123.3104521 0.38040
4267440 38.5549837 473010 -123.3097612 0.38020
4267440 38.5549846 473040 -123.3094169 0.40079
4267320 38.5539113 473310 -123.3063136 0.62794
4267260 38.5533697 473280 -123.3066556 0.61665
4267260 38.5533706 473310 -123.3063113 0.94607
4267230 38.5530984 473250 -123.3069987 0.37587
4267170 38.5525550 473160 -123.3080293 0.43500
4267140 38.5522846 473160 -123.3080281 0.39406
4267140 38.5522855 473190 -123.3076838 0.34916
4267140 38.5522864 473220 -123.3073396 0.36893
4267110 38.5520152 473190 -123.3076827 0.34113
4267110 38.5520161 473220 -123.3073384 0.40075
4267050 38.5514735 473160 -123.3080247 0.42171
4266930 38.5503948 473250 -123.3069872 0.39245
4266810 38.5493152 473310 -123.3062941 0.37780
4266720 38.5485050 473340 -123.3059464 0.42388
4266720 38.5485059 473370 -123.3056021 0.49770
4266600 38.5474245 473370 -123.3055975 0.50175
4266510 38.5466206 473610 -123.3028400 0.47866
4266480 38.5463413 473310 -123.3062815 0.34366
4266480 38.5463502 473610 -123.3028388 0.42203
4266480 38.5463511 473640 -123.3024946 0.39245
4266450 38.5460700 473280 -123.3066246 0.31723
4266450 38.5460709 473310 -123.3062803 0.40155
4266450 38.5460718 473340 -123.3059360 0.39442
4266450 38.5460727 473370 -123.3055918 0.39442
4266450 38.5460736 473400 -123.3052475 0.49279
4266450 38.5460763 473490 -123.3042148 0.37980
4266450 38.5460799 473610 -123.3028377 0.38071
4266450 38.5460808 473640 -123.3024935 0.38071
4266420 38.5457996 473280 -123.3066234 0.38071
4266420 38.5458005 473310 -123.3062792 0.37980
4266420 38.5458014 473340 -123.3059349 0.37668
4266420 38.5458023 473370 -123.3055906 0.39770
4266420 38.5458032 473400 -123.3052464 0.43901
4266420 38.5458041 473430 -123.3049021 0.48246
4266420 38.5458050 473460 -123.3045579 0.44923
4266420 38.5458059 473490 -123.3042136 0.48246
4266420 38.5458068 473520 -123.3038694 0.53840
4266420 38.5458077 473550 -123.3035251 0.34841
4266390 38.5455293 473280 -123.3066223 0.34065
4266390 38.5455338 473430 -123.3049010 0.39770
4266390 38.5455347 473460 -123.3045567 0.33043
4266390 38.5455356 473490 -123.3042125 0.57814
4266390 38.5455365 473520 -123.3038682 0.56055
4266390 38.5455374 473550 -123.3035240 0.43500
4266360 38.5452652 473490 -123.3042113 0.38472
4266360 38.5452661 473520 -123.3038671 0.46820
4266360 38.5452670 473550 -123.3035228 0.44913
4266360 38.5452679 473580 -123.3031786 0.38761
4266360 38.5452768 473880 -123.2997360 0.58620
4266330 38.5450064 473880 -123.2997349 0.70476
4266330 38.5450073 473910 -123.2993906 0.60629
4266300 38.5447360 473880 -123.2997338 0.65063
4266180 38.5436564 473940 -123.2990408 0.36181
4266150 38.5433860 473940 -123.2990397 0.37060
4266000 38.5420395 474120 -123.2969686 0.34781
4266000 38.5420404 474150 -123.2966244 0.45522
4266000 38.5420412 474180 -123.2962801 0.41828
4266000 38.5420430 474240 -123.2955917 0.34593
4266000 38.5420438 474270 -123.2952474 0.43861
4266000 38.5420447 474300 -123.2949032 0.31723
4265970 38.5417709 474180 -123.2962790 0.39442
4265970 38.5417717 474210 -123.2959348 0.40213
4265970 38.5417726 474240 -123.2955905 0.40155
4265970 38.5417735 474270 -123.2952463 0.49992
4265940 38.5414988 474120 -123.2969664 0.35528
4265940 38.5415014 474210 -123.2959337 0.39442
4265940 38.5415022 474240 -123.2955894 0.33531
4265910 38.5412284 474120 -123.2969653 0.45584
4265910 38.5412293 474150 -123.2966210 0.48929
4265910 38.5412301 474180 -123.2962768 0.37701
4265880 38.5409580 474120 -123.2969642 0.29565
4265400 38.5366606 475110 -123.2855873 0.49038
4265400 38.5366614 475140 -123.2852431 0.37651
4265400 38.5366622 475170 -123.2848989 0.43692
4265370 38.5363902 475110 -123.2855862 0.46851
4265370 38.5363910 475140 -123.2852420 0.39414
4265370 38.5363927 475200 -123.2845536 0.39414
4265340 38.5361232 475230 -123.2842083 0.47447
4265190 38.5347756 475380 -123.2824819 0.42649
4265160 38.5345052 475380 -123.2824809 0.48400
4265160 38.5345060 475410 -123.2821367 0.39414
4264080 38.5247951 476220 -123.2728064 0.33361
4264080 38.5247959 476250 -123.2724622 0.25517
4264080 38.5247983 476340 -123.2714298 0.39814
4264080 38.5247991 476370 -123.2710856 0.29666
4264050 38.5245248 476220 -123.2728054 0.35089
4264050 38.5245272 476310 -123.2717729 0.34782
4264050 38.5245280 476340 -123.2714287 0.47214
4264050 38.5245288 476370 -123.2710846 0.35171
4264020 38.5242544 476220 -123.2728043 0.25366
4264020 38.5242560 476280 -123.2721160 0.25385
4264020 38.5242568 476310 -123.2717719 0.40078
4264020 38.5242576 476340 -123.2714277 0.49508
4264020 38.5242584 476370 -123.2710836 0.30582
4263990 38.5239856 476280 -123.2721150 0.26934
4263990 38.5239864 476310 -123.2717709 0.32157
4263990 38.5239872 476340 -123.2714267 0.33969
4263990 38.5239888 476400 -123.2707384 0.33458
4263960 38.5237185 476400 -123.2707374 0.33163
4263900 38.5231786 476430 -123.2703912 0.30751
4263840 38.5226386 476460 -123.2700450 0.31434
4263690 38.5212986 476910 -123.2648778 0.42752
4263660 38.5210259 476820 -123.2659093 0.30073
4263630 38.5207556 476820 -123.2659083 0.32081
4263570 38.5202187 476970 -123.2641856 0.41856
4263570 38.5202195 477000 -123.2638415 0.41856
4263540 38.5199468 476910 -123.2648729 0.33691
4263540 38.5199476 476940 -123.2645288 0.48198
4263510 38.5196772 476940 -123.2645278 0.46586
4263510 38.5196780 476970 -123.2641836 0.60103
4263510 38.5196796 477030 -123.2634954 0.53776
4263480 38.5194045 476850 -123.2655592 0.25352
4263480 38.5194053 476880 -123.2652150 0.29999
4263480 38.5194077 476970 -123.2641826 0.49186
4263480 38.5194084 477000 -123.2638385 0.62579
4263480 38.5194092 477030 -123.2634944 0.67252
4263480 38.5194100 477060 -123.2631502 0.41856
4263450 38.5191342 476850 -123.2655582 0.28296
4263450 38.5191350 476880 -123.2652140 0.40732
4263450 38.5191357 476910 -123.2648699 0.33691
4263450 38.5191365 476940 -123.2645258 0.35386
4263450 38.5191373 476970 -123.2641816 0.52423
4263450 38.5191381 477000 -123.2638375 0.55797
4263450 38.5191388 477030 -123.2634934 0.70207
4263450 38.5191396 477060 -123.2631493 0.49369
4263420 38.5188638 476850 -123.2655572 0.34386
4263420 38.5188646 476880 -123.2652131 0.39998
4263420 38.5188654 476910 -123.2648689 0.40437
4263420 38.5188662 476940 -123.2645248 0.36156
4263420 38.5188669 476970 -123.2641807 0.41126
4263420 38.5188677 477000 -123.2638365 0.45752
4263420 38.5188685 477030 -123.2634924 0.45098
4263420 38.5188693 477060 -123.2631483 0.45125
4263390 38.5185942 476880 -123.2652121 0.30786
4263390 38.5185950 476910 -123.2648679 0.40392
4263390 38.5185981 477030 -123.2634914 0.30786
4263360 38.5183239 476880 -123.2652111 0.29999
4263360 38.5183293 477090 -123.2628022 0.35079
4263060 38.5156296 477240 -123.2610718 0.27697
4263060 38.5156303 477270 -123.2607276 0.34366
4263060 38.5156311 477300 -123.2603835 0.28937
4263030 38.5153607 477300 -123.2603826 0.35854
4263000 38.5150911 477330 -123.2600375 0.31188
4263000 38.5150919 477360 -123.2596934 0.35429
4263000 38.5150927 477390 -123.2593492 0.35067
4263000 38.5151002 477690 -123.2559081 0.55974
4262970 38.5148223 477390 -123.2593483 0.35008
4262970 38.5148299 477690 -123.2559072 0.47720
4262880 38.5140180 477660 -123.2562484 0.78809
4262880 38.5140188 477690 -123.2559043 0.60502
4262820 38.5134766 477630 -123.2565906 0.82205
4262520 38.5107790 477870 -123.2538282 0.32019
4262490 38.5105041 477690 -123.2558918 0.26468
4262490 38.5105086 477870 -123.2538273 0.34443
4262490 38.5105093 477900 -123.2534832 0.34364
4262460 38.5102345 477720 -123.2555468 0.30192
4262460 38.5102375 477840 -123.2541704 0.39462
4262460 38.5102382 477870 -123.2538263 0.48966
4262460 38.5102390 477900 -123.2534822 0.43344
4262460 38.5102397 477930 -123.2531382 0.34511
4262430 38.5099679 477870 -123.2538254 0.29642
4262430 38.5099694 477930 -123.2531372 0.31506
4262430 38.5099701 477960 -123.2527931 0.49307
4262400 38.5096945 477750 -123.2552008 0.39700
4262190 38.5078347 479100 -123.2397106 0.49404
4262130 38.5072919 479010 -123.2407410 0.33892
4262130 38.5072954 479160 -123.2390206 0.47225
4262130 38.5072961 479190 -123.2386765 0.43863
4262100 38.5070250 479160 -123.2390197 0.39604
4262100 38.5070257 479190 -123.2386756 0.38890
4262100 38.5070264 479220 -123.2383316 0.43349
4261860 38.5048726 479610 -123.2338516 0.43371
4261830 38.5046015 479580 -123.2341948 0.52547
4261830 38.5046022 479610 -123.2338507 0.54911
4261500 38.5016268 479550 -123.2345292 0.43161
4261260 38.4994646 479580 -123.2341781 0.33370
4261260 38.4994653 479610 -123.2338341 0.35429
4261170 38.4986691 480270 -123.2262627 0.38908
4261170 38.4986698 480300 -123.2259187 0.47425
4261140 38.4983994 480300 -123.2259178 0.50041
4261140 38.4984001 480330 -123.2255738 0.39723
4261110 38.4981297 480330 -123.2255729 0.36707
4261110 38.4981304 480360 -123.2252289 0.34348
4261050 38.4975857 480180 -123.2272914 0.25042
4261050 38.4975870 480240 -123.2266033 0.33351
4261050 38.4975877 480270 -123.2262593 0.29673
4261050 38.4975936 480540 -123.2231630 0.37185
4261020 38.4973160 480210 -123.2269465 0.28919
4261020 38.4973166 480240 -123.2266025 0.34682
4261020 38.4973173 480270 -123.2262585 0.31227
4261020 38.4973245 480600 -123.2224741 0.43708
4260420 38.4919340 481380 -123.2135134 0.40373
4260330 38.4911235 481410 -123.2131670 0.33391
4260330 38.4911241 481440 -123.2128230 0.38002
4260330 38.4911247 481470 -123.2124790 0.38623
4260300 38.4908538 481440 -123.2128222 0.46451
4260300 38.4908544 481470 -123.2124782 0.48635
4260300 38.4908550 481500 -123.2121342 0.42096
4260270 38.4905853 481530 -123.2117894 0.42980
4260240 38.4903149 481530 -123.2117886 0.47837
